20.924
17.222
19.428
19.361
19.525
17.749
19.894
19.417
17.853
18.244
15.505
20.950
20.576
15.666
15.919
18.841
18.182
19.080
16.695
19.345
18.565
15.510
20.235
20.449
19.729
26.351
19.787
23.952
23.837
18.504
15.541
24.619
22.126
26.678
23.664
25.919
21.672
25.232
24.211
36.116
15.712
22.447
23.003
24.849
24.783
24.310
22.778
26.067
22.928
36.245
16.446
17.177
27.403
19.457
15.368
25.292
16.091
20.369
23.005
29.067
16.206
28.972
15.403
22.462
22.816
24.265
23.222
26.764
16.326
25.083
16.071
23.766
15.671
24.874
17.025
23.897
15.505
24.550
23.739
28.185
16.136
23.625
16.114
23.405
16.713
23.217
16.158
23.791
16.238
26.541
15.814
25.327
19.205
20.737
15.273
25.364
15.876
25.159
16.023
28.476
15.862
26.052
15.802
25.412
16.085
24.678
20.906
27.659
21.609
28.265
16.884
21.514
19.522
25.054
25.872
22.778
24.306
24.684
24.550
28.081
21.227
27.661
20.784
28.237
20.858
21.456
24.351
23.278
25.227
27.614
20.944
28.282
20.817
26.055
22.416
23.391
23.671
23.548
26.032
27.112
21.486
24.568
23.742
25.648
26.280
23.978
24.052
27.006
21.268
27.958
19.612
25.038
23.605
23.723
27.069
23.938
24.334
24.199
25.256
28.952
16.709
20.210
23.506
23.912
25.423
22.655
25.336
26.187
23.871
27.528
19.698
23.480
25.325
25.854
24.342
25.269